Python 2.7.2 |EPD 7.1-2 (64-bit)| (default, Jul 27 2011, 14:50:45) 
Type "copyright", "credits" or "license" for more information.

IPython 0.12 -- An enhanced Interactive Python.
?         -> Introduction and overview of IPython's features.
%quickref -> Quick reference.
help      -> Python's own help system.
object?   -> Details about 'object', use 'object??' for extra details.

Welcome to pylab, a matplotlib-based Python environment [backend: MacOSX].
For more information, type 'help(pylab)'.

In [4]: 
In [5]: a = [ 2, -1, 3, 4, -2 ]

In [6]: 
In [7]: 
In [8]: 
In [9]: find_optimal_window(a)
Out[9]: (0, 3)

In [10]: sizes = [ 2**i for i in range(1,12) ]

In [11]: sizes
Out[11]: [2, 4, 8, 16, 32, 64, 128, 256, 512, 1024, 2048]

In [12]: 
In [13]: random_instance(10)
Out[13]: [8, 7, -4, -4, 9, -3, -10, -7, -8, -7]

In [14]: instances = [ random_instance(n) for n in sizes ] 

In [15]: instances
Out[15]: 
[[-5, -9],
 [-9, 7, -6, 7],
 [3, -5, -4, -8, 5, 4, 3, 1],
 [-5, -2, -1, -10, 0, -2, 8, -1, -10, 5, 3, -10, -8, 10, 0, 10],
 [8,
  5,
  10,
  2,
  -10,
  -7,
  0,
  7,
  6,
  7,
  2,
  6,
  7,
  10,
  3,
  -7,
  9,
  9,
  -7,
  9,
  5,
  -1,
  -5,
  -7,
  5,
  -5,
  10,
  -4,
  10,
  -6,
  -7,
  -5],
 [10,
  5,
  -10,
  0,
  8,
  4,
  -10,
  -9,
  -3,
  6,
  0,
  -9,
  0,
  3,
  -10,
  -1,
  4,
  -5,
  2,
  10,
  6,
  4,
  -5,
  3,
  7,
  1,
  1,
  -2,
  10,
  -9,
  -2,
  6,
  -2,
  -9,
  4,
  -8,
  6,
  -10,
  0,
  0,
  -7,
  -8,
  -9,
  -6,
  -5,
  10,
  -2,
  3,
  -5,
  0,
  8,
  -10,
  -4,
  7,
  -2,
  5,
  -10,
  -8,
  5,
  6,
  -10,
  8,
  9,
  -10],
 [7,
  4,
  0,
  9,
  -10,
  -10,
  -6,
  2,
  10,
  1,
  1,
  5,
  -1,
  -4,
  4,
  -6,
  5,
  -3,
  -10,
  1,
  2,
  -3,
  -6,
  -9,
  0,
  -3,
  -9,
  5,
  3,
  1,
  -9,
  -10,
  -6,
  -3,
  -7,
  -3,
  -5,
  -9,
  -4,
  -10,
  -7,
  0,
  -10,
  -6,
  -5,
  -6,
  5,
  -4,
  -10,
  -5,
  9,
  -3,
  -9,
  2,
  -7,
  5,
  9,
  2,
  9,
  -7,
  -6,
  -3,
  -3,
  8,
  0,
  2,
  2,
  -3,
  -4,
  -9,
  -4,
  -10,
  -6,
  -7,
  1,
  -1,
  7,
  -3,
  7,
  7,
  -6,
  10,
  -9,
  -2,
  -10,
  -6,
  2,
  -6,
  -3,
  0,
  -2,
  3,
  -3,
  10,
  -5,
  -9,
  9,
  10,
  1,
  -9,
  -10,
  5,
  -9,
  -2,
  -4,
  -6,
  2,
  6,
  -7,
  0,
  2,
  -1,
  4,
  4,
  0,
  0,
  7,
  -9,
  -5,
  -4,
  -3,
  -1,
  8,
  4,
  2,
  -9,
  1,
  -4],
 [8,
  2,
  8,
  7,
  -4,
  7,
  9,
  -1,
  -4,
  -8,
  1,
  -7,
  -4,
  -9,
  -8,
  0,
  3,
  4,
  3,
  -8,
  -8,
  3,
  3,
  6,
  -7,
  10,
  2,
  -8,
  1,
  3,
  7,
  8,
  0,
  3,
  2,
  0,
  -3,
  6,
  10,
  -3,
  -6,
  6,
  2,
  2,
  -10,
  7,
  8,
  2,
  2,
  9,
  -1,
  -1,
  0,
  -7,
  9,
  -10,
  9,
  -7,
  -7,
  8,
  -7,
  -9,
  -4,
  4,
  8,
  9,
  3,
  9,
  -8,
  9,
  -7,
  3,
  -9,
  3,
  -7,
  6,
  4,
  -7,
  -9,
  3,
  9,
  -7,
  -9,
  -3,
  -6,
  3,
  -8,
  4,
  3,
  -9,
  -2,
  -6,
  2,
  -4,
  0,
  4,
  10,
  -2,
  4,
  6,
  6,
  -3,
  4,
  -4,
  9,
  0,
  0,
  -2,
  4,
  -4,
  1,
  5,
  10,
  7,
  2,
  3,
  6,
  8,
  1,
  1,
  -7,
  -6,
  -8,
  2,
  1,
  -1,
  7,
  1,
  -2,
  -3,
  -1,
  -5,
  10,
  0,
  9,
  -2,
  -1,
  6,
  -5,
  2,
  -5,
  -1,
  3,
  1,
  -6,
  3,
  -3,
  -6,
  1,
  4,
  -3,
  -3,
  -2,
  -3,
  -5,
  2,
  -6,
  -1,
  -8,
  4,
  -10,
  9,
  -3,
  3,
  6,
  -4,
  4,
  -9,
  0,
  5,
  1,
  8,
  -1,
  4,
  -6,
  -7,
  -8,
  0,
  -2,
  -9,
  8,
  8,
  6,
  -8,
  4,
  -4,
  0,
  -8,
  10,
  -5,
  9,
  9,
  -4,
  5,
  -1,
  10,
  -2,
  -9,
  9,
  -2,
  4,
  0,
  -4,
  -2,
  4,
  -2,
  1,
  -2,
  3,
  -5,
  9,
  3,
  -3,
  10,
  3,
  8,
  -2,
  6,
  5,
  -2,
  -1,
  4,
  -7,
  -3,
  9,
  -8,
  -4,
  1,
  -3,
  2,
  1,
  6,
  8,
  2,
  6,
  2,
  7,
  -1,
  3,
  3,
  -7,
  2,
  -4,
  -8,
  -10,
  -3,
  -1,
  -4,
  3,
  -7,
  6,
  -4,
  5,
  3,
  -2,
  4],
 [-5,
  9,
  -5,
  4,
  3,
  1,
  7,
  3,
  -8,
  0,
  -5,
  -1,
  0,
  -7,
  0,
  1,
  8,
  -9,
  1,
  -6,
  -1,
  -4,
  -5,
  -9,
  5,
  -3,
  -3,
  6,
  8,
  3,
  -10,
  8,
  2,
  2,
  -5,
  5,
  -2,
  1,
  -7,
  8,
  -7,
  -5,
  10,
  5,
  8,
  -8,
  6,
  -10,
  7,
  -3,
  9,
  2,
  -6,
  2,
  1,
  4,
  7,
  3,
  -1,
  8,
  5,
  1,
  -7,
  7,
  4,
  -8,
  7,
  3,
  -10,
  2,
  -3,
  -5,
  0,
  -3,
  3,
  4,
  2,
  2,
  7,
  0,
  -7,
  4,
  3,
  -5,
  3,
  -4,
  6,
  -8,
  10,
  -8,
  -8,
  7,
  -3,
  3,
  8,
  -9,
  -1,
  -6,
  2,
  -2,
  6,
  5,
  -2,
  9,
  -2,
  -8,
  -7,
  7,
  -7,
  1,
  -8,
  5,
  7,
  10,
  2,
  7,
  10,
  7,
  1,
  4,
  8,
  -2,
  -7,
  -2,
  2,
  6,
  8,
  -8,
  -6,
  1,
  3,
  3,
  -9,
  -7,
  10,
  10,
  3,
  3,
  -6,
  9,
  5,
  -4,
  10,
  -10,
  5,
  7,
  -9,
  -8,
  -2,
  2,
  -10,
  9,
  8,
  8,
  0,
  8,
  0,
  6,
  -2,
  -9,
  -6,
  4,
  -10,
  -7,
  -9,
  8,
  6,
  -1,
  9,
  9,
  -3,
  6,
  2,
  8,
  -3,
  -7,
  6,
  4,
  -7,
  4,
  -7,
  -9,
  6,
  -9,
  8,
  -2,
  6,
  -5,
  0,
  2,
  9,
  -3,
  5,
  -10,
  -5,
  -5,
  0,
  -3,
  7,
  -10,
  5,
  3,
  -3,
  -5,
  2,
  -10,
  -3,
  -5,
  8,
  -4,
  -5,
  -7,
  -10,
  9,
  -5,
  -4,
  -5,
  -9,
  3,
  -10,
  10,
  7,
  -6,
  8,
  0,
  9,
  8,
  9,
  -2,
  7,
  -1,
  1,
  9,
  -4,
  0,
  1,
  -1,
  4,
  -4,
  10,
  -9,
  3,
  10,
  -6,
  -2,
  -5,
  7,
  -6,
  -4,
  7,
  -2,
  -5,
  8,
  6,
  -7,
  -1,
  -6,
  -7,
  -5,
  -10,
  -3,
  8,
  -8,
  -4,
  5,
  0,
  -8,
  -4,
  2,
  2,
  -6,
  -4,
  -2,
  7,
  -2,
  -10,
  -1,
  1,
  -3,
  -2,
  -1,
  -6,
  -7,
  -3,
  10,
  -7,
  9,
  5,
  7,
  -2,
  -3,
  -8,
  0,
  -8,
  4,
  9,
  8,
  6,
  -3,
  -9,
  7,
  -9,
  -2,
  0,
  -4,
  4,
  -8,
  6,
  -7,
  -7,
  9,
  -3,
  10,
  -6,
  0,
  -3,
  1,
  5,
  9,
  2,
  -1,
  -8,
  -5,
  8,
  3,
  -2,
  8,
  6,
  8,
  2,
  -2,
  -2,
  -6,
  8,
  6,
  9,
  -3,
  -3,
  -4,
  0,
  -8,
  -6,
  -1,
  8,
  9,
  -5,
  9,
  9,
  7,
  1,
  4,
  6,
  -3,
  0,
  8,
  7,
  -9,
  6,
  -7,
  5,
  -10,
  5,
  8,
  -3,
  10,
  -7,
  8,
  -6,
  7,
  -6,
  1,
  8,
  -3,
  10,
  6,
  -6,
  -10,
  2,
  7,
  -7,
  -7,
  8,
  7,
  0,
  -10,
  0,
  -1,
  5,
  -10,
  2,
  -2,
  -1,
  4,
  -7,
  10,
  -2,
  0,
  5,
  -10,
  -4,
  -9,
  -3,
  -4,
  -9,
  -7,
  -10,
  -2,
  3,
  4,
  -10,
  -7,
  10,
  -4,
  -4,
  -3,
  3,
  3,
  2,
  0,
  3,
  8,
  -3,
  7,
  -4,
  -7,
  -7,
  -8,
  -5,
  -1,
  -6,
  -9,
  -2,
  2,
  5,
  -3,
  -10,
  -10,
  -6,
  5,
  4,
  8,
  5,
  8,
  2,
  -1,
  -6,
  7,
  2,
  6,
  -5,
  -2,
  5,
  -2,
  -5,
  -2,
  -5,
  -5,
  2,
  3,
  5,
  10,
  -7,
  -3,
  8,
  8,
  4,
  7,
  -4,
  -5,
  3,
  -8,
  -3,
  -2,
  2,
  8,
  -4,
  4,
  0,
  -4,
  2,
  0,
  5,
  -8,
  -2,
  -8,
  -5,
  -8,
  -1,
  6,
  3,
  -8,
  9,
  4,
  0,
  0,
  9,
  -3,
  -1,
  -7,
  -4,
  0,
  -10,
  -2,
  -5,
  6,
  -10,
  -1,
  5,
  -3,
  -3,
  9,
  8],
 [-8,
  -1,
  2,
  -9,
  -10,
  -8,
  5,
  4,
  0,
  -9,
  -9,
  0,
  4,
  1,
  10,
  2,
  6,
  -2,
  7,
  -1,
  0,
  10,
  1,
  -7,
  3,
  -3,
  1,
  2,
  4,
  8,
  -5,
  6,
  7,
  0,
  -3,
  -10,
  8,
  -10,
  -6,
  -7,
  3,
  -9,
  8,
  2,
  -2,
  -9,
  -4,
  -2,
  -5,
  7,
  7,
  -8,
  9,
  -9,
  -1,
  4,
  -7,
  8,
  8,
  -7,
  9,
  -10,
  6,
  2,
  -9,
  10,
  8,
  -8,
  -1,
  -8,
  5,
  -9,
  -6,
  -3,
  -6,
  6,
  -5,
  -8,
  -4,
  9,
  -3,
  0,
  6,
  2,
  -5,
  -8,
  9,
  5,
  -9,
  2,
  -8,
  8,
  2,
  5,
  3,
  -3,
  1,
  -1,
  4,
  0,
  -7,
  5,
  8,
  -7,
  -9,
  4,
  10,
  -6,
  2,
  -6,
  -5,
  7,
  -9,
  5,
  5,
  7,
  -9,
  3,
  6,
  -8,
  4,
  -5,
  0,
  -3,
  -10,
  -4,
  -1,
  -4,
  -7,
  7,
  -5,
  7,
  5,
  5,
  6,
  -6,
  -4,
  8,
  8,
  -9,
  3,
  -2,
  10,
  -4,
  -10,
  -9,
  -1,
  -4,
  7,
  -9,
  8,
  8,
  6,
  10,
  -10,
  0,
  -5,
  4,
  -8,
  -3,
  -1,
  1,
  4,
  9,
  6,
  -2,
  2,
  9,
  -3,
  1,
  -2,
  7,
  8,
  -9,
  1,
  3,
  1,
  7,
  6,
  -4,
  -3,
  -4,
  1,
  -7,
  -9,
  5,
  1,
  -1,
  3,
  -7,
  0,
  0,
  -4,
  -8,
  7,
  6,
  4,
  -1,
  -3,
  0,
  -2,
  -3,
  -5,
  -5,
  9,
  7,
  8,
  -4,
  1,
  -1,
  6,
  9,
  -3,
  8,
  -2,
  8,
  4,
  7,
  -4,
  6,
  -10,
  2,
  -8,
  -3,
  3,
  6,
  4,
  1,
  2,
  2,
  1,
  9,
  6,
  -1,
  0,
  -7,
  -9,
  -7,
  -1,
  10,
  6,
  -6,
  -4,
  -2,
  -9,
  -4,
  -1,
  -10,
  -9,
  -1,
  4,
  4,
  -4,
  -8,
  7,
  8,
  0,
  7,
  7,
  -8,
  -10,
  -7,
  5,
  -1,
  -7,
  10,
  -9,
  -3,
  0,
  -6,
  -1,
  7,
  6,
  1,
  4,
  -6,
  -1,
  -6,
  3,
  -6,
  10,
  2,
  -2,
  6,
  -10,
  3,
  -5,
  9,
  -2,
  6,
  -8,
  -6,
  -9,
  -9,
  7,
  0,
  -8,
  -7,
  1,
  -2,
  5,
  9,
  2,
  -7,
  0,
  8,
  5,
  -1,
  4,
  -7,
  10,
  -2,
  -7,
  1,
  8,
  10,
  -3,
  9,
  -1,
  5,
  9,
  1,
  -8,
  -7,
  -6,
  -5,
  -6,
  -2,
  7,
  1,
  -3,
  -5,
  6,
  -7,
  8,
  -7,
  -6,
  -1,
  -4,
  10,
  -7,
  -8,
  -2,
  -2,
  1,
  -9,
  -6,
  10,
  5,
  8,
  8,
  -9,
  7,
  -10,
  -2,
  5,
  10,
  -1,
  8,
  -9,
  1,
  -9,
  10,
  7,
  9,
  -8,
  -7,
  6,
  -2,
  8,
  -5,
  -9,
  2,
  10,
  8,
  -4,
  6,
  9,
  7,
  0,
  10,
  9,
  9,
  3,
  5,
  -4,
  4,
  -1,
  -7,
  -7,
  -4,
  -9,
  10,
  -8,
  4,
  8,
  -3,
  -7,
  6,
  10,
  5,
  -8,
  -9,
  -10,
  -8,
  -7,
  -7,
  4,
  8,
  6,
  5,
  7,
  4,
  9,
  3,
  9,
  8,
  5,
  -1,
  8,
  2,
  -3,
  -3,
  0,
  7,
  5,
  -5,
  -5,
  4,
  2,
  3,
  5,
  -4,
  2,
  -5,
  -6,
  -5,
  4,
  1,
  10,
  -4,
  -1,
  1,
  6,
  1,
  4,
  3,
  4,
  0,
  10,
  10,
  7,
  -6,
  -3,
  -8,
  -4,
  4,
  6,
  8,
  7,
  8,
  0,
  -6,
  -3,
  -4,
  -5,
  -4,
  -9,
  -10,
  -6,
  -2,
  6,
  9,
  9,
  -10,
  -6,
  10,
  -10,
  -7,
  2,
  5,
  7,
  8,
  3,
  -3,
  -7,
  0,
  1,
  1,
  2,
  6,
  5,
  1,
  -4,
  -7,
  7,
  6,
  -8,
  -3,
  -9,
  7,
  -10,
  -7,
  -7,
  -7,
  6,
  8,
  1,
  6,
  4,
  2,
  2,
  -5,
  -4,
  -3,
  4,
  7,
  -2,
  3,
  9,
  4,
  2,
  -8,
  9,
  9,
  -3,
  -6,
  -2,
  4,
  0,
  5,
  2,
  9,
  6,
  6,
  7,
  4,
  2,
  10,
  -7,
  -3,
  -7,
  -4,
  -3,
  -5,
  -9,
  -7,
  -4,
  -5,
  10,
  -6,
  9,
  6,
  10,
  4,
  9,
  3,
  3,
  5,
  -5,
  -2,
  -5,
  -9,
  -8,
  8,
  -9,
  -10,
  2,
  9,
  6,
  -4,
  -5,
  4,
  3,
  10,
  0,
  3,
  -2,
  -7,
  9,
  8,
  8,
  -4,
  -2,
  -5,
  -1,
  6,
  -1,
  -7,
  -9,
  -3,
  1,
  8,
  4,
  1,
  -8,
  -2,
  -8,
  4,
  -9,
  4,
  1,
  -1,
  -1,
  -8,
  -6,
  -7,
  -6,
  5,
  0,
  -9,
  -8,
  -1,
  -3,
  -7,
  -7,
  -1,
  -4,
  -6,
  -5,
  3,
  0,
  -2,
  9,
  -1,
  3,
  8,
  -4,
  -3,
  6,
  2,
  4,
  7,
  -10,
  9,
  2,
  -5,
  -8,
  5,
  -5,
  -6,
  6,
  -7,
  9,
  -5,
  4,
  -5,
  -4,
  -1,
  9,
  1,
  3,
  -7,
  -5,
  6,
  2,
  8,
  -4,
  -6,
  -9,
  -8,
  6,
  1,
  8,
  -10,
  4,
  4,
  2,
  0,
  -4,
  -5,
  -3,
  -6,
  3,
  3,
  -10,
  5,
  8,
  -1,
  4,
  0,
  -4,
  8,
  8,
  -10,
  -4,
  -2,
  9,
  3,
  5,
  -6,
  8,
  6,
  3,
  -2,
  10,
  -9,
  7,
  -6,
  2,
  1,
  3,
  0,
  -7,
  -10,
  8,
  6,
  2,
  5,
  -8,
  5,
  6,
  -2,
  9,
  -7,
  7,
  -7,
  -9,
  -10,
  -2,
  -4,
  -3,
  1,
  -3,
  0,
  1,
  -4,
  -1,
  9,
  6,
  4,
  -4,
  -3,
  -10,
  -7,
  2,
  -10,
  -2,
  6,
  -9,
  -10,
  -4,
  3,
  3,
  3,
  7,
  -8,
  2,
  -10,
  5,
  3,
  10,
  2,
  -2,
  3,
  -4,
  0,
  3,
  -10,
  10,
  9,
  9,
  -2,
  -8,
  -8,
  10,
  4,
  9,
  -8,
  0,
  7,
  -10,
  7,
  8,
  1,
  5,
  -4,
  5,
  -2,
  -10,
  0,
  6,
  -6,
  6,
  3,
  5,
  -4,
  8,
  -4,
  -8,
  -10,
  -10,
  9,
  10,
  -6,
  1,
  5,
  6,
  10,
  -8,
  6,
  -10,
  -3,
  -5,
  7,
  3,
  3,
  5,
  10,
  -7,
  -10,
  -2,
  7,
  -3,
  -5,
  -6,
  4,
  9,
  7,
  -7,
  3,
  -9,
  -8,
  7,
  -1,
  7,
  -6,
  4,
  -4,
  9,
  7,
  -1,
  10,
  9,
  -6,
  5,
  -8,
  -8,
  6,
  7,
  -3,
  -6,
  4,
  -3,
  -1,
  -1,
  -7,
  6,
  8,
  10,
  8,
  7,
  -5,
  2,
  5,
  6,
  6,
  -9,
  -1,
  1,
  3,
  -4,
  1,
  -7,
  7,
  -3,
  -8,
  -8,
  9,
  2,
  4,
  6,
  0,
  7,
  -8,
  -8,
  -8,
  -1,
  2,
  1,
  8,
  0,
  -9,
  -2,
  -4,
  -6,
  -10,
  7,
  5,
  -5,
  -1,
  -9,
  -9,
  -4,
  7,
  7,
  6,
  -7,
  -5,
  -1,
  7,
  2,
  10,
  2,
  4,
  7,
  1,
  -7,
  10,
  7,
  -6,
  -6,
  -2,
  -2,
  9,
  2,
  -2,
  -7,
  -6,
  10,
  3,
  5,
  3,
  -4,
  9,
  -3,
  -7,
  10,
  8,
  6,
  -5,
  8,
  -6,
  -10,
  -4,
  -7,
  -2,
  5,
  -10,
  9,
  -7,
  -7,
  4,
  7,
  -8,
  7,
  -1,
  -3,
  8,
  8,
  5,
  -6,
  -5,
  7,
  -3,
  1,
  8,
  5,
  9,
  -1,
  3,
  -2,
  3,
  -5,
  -4,
  4,
  3,
  -8,
  -7,
  3,
  -6,
  -4,
  -2,
  6,
  -5,
  -7,
  -8,
  -1,
  -6,
  -3,
  2,
  -9,
  -10,
  -6,
  8,
  0,
  -3,
  2,
  -1,
  4,
  0,
  -4,
  0,
  4,
  -9,
  6,
  -4,
  -9,
  -9,
  5,
  -6,
  9,
  -5,
  -2,
  -10,
  1,
  -7,
  3,
  -8,
  -2,
  4,
  4,
  0,
  0,
  -9,
  10,
  -6,
  10,
  6,
  10,
  -6,
  5,
  8,
  0],
 [-10,
  2,
  3,
  4,
  7,
  7,
  -4,
  1,
  -10,
  2,
  4,
  1,
  6,
  7,
  7,
  -10,
  -1,
  -8,
  9,
  9,
  5,
  4,
  5,
  1,
  2,
  -3,
  -3,
  -4,
  -9,
  2,
  -10,
  -3,
  -3,
  6,
  10,
  -5,
  6,
  -3,
  -2,
  -1,
  -8,
  3,
  10,
  -2,
  8,
  -5,
  1,
  -6,
  -10,
  -7,
  -2,
  9,
  -6,
  2,
  10,
  5,
  5,
  2,
  -6,
  8,
  8,
  -7,
  -8,
  -3,
  4,
  -10,
  3,
  3,
  -7,
  -4,
  -1,
  0,
  -8,
  7,
  -10,
  3,
  4,
  -2,
  2,
  -4,
  5,
  -7,
  10,
  3,
  -4,
  2,
  -8,
  -6,
  8,
  -3,
  5,
  -9,
  10,
  8,
  2,
  8,
  -3,
  3,
  3,
  2,
  4,
  10,
  5,
  -7,
  9,
  9,
  2,
  -10,
  -10,
  6,
  7,
  -9,
  -3,
  -5,
  -7,
  -8,
  9,
  -5,
  10,
  1,
  -4,
  10,
  -10,
  -3,
  1,
  3,
  3,
  2,
  -8,
  6,
  1,
  -3,
  4,
  -9,
  -6,
  6,
  9,
  9,
  -10,
  -3,
  -8,
  -1,
  8,
  0,
  -8,
  -1,
  0,
  -3,
  8,
  8,
  -9,
  -10,
  10,
  -10,
  -3,
  0,
  6,
  3,
  -1,
  5,
  -7,
  -6,
  8,
  10,
  -5,
  -10,
  -10,
  2,
  -10,
  8,
  5,
  -3,
  2,
  5,
  -8,
  -5,
  5,
  -2,
  10,
  6,
  -7,
  5,
  7,
  5,
  3,
  -7,
  10,
  -9,
  -10,
  0,
  -5,
  9,
  0,
  5,
  -2,
  -1,
  -2,
  4,
  -1,
  -5,
  10,
  7,
  8,
  6,
  4,
  -9,
  -5,
  8,
  3,
  -10,
  8,
  6,
  -9,
  -8,
  -4,
  2,
  -2,
  3,
  9,
  3,
  4,
  -10,
  -2,
  9,
  -6,
  5,
  5,
  2,
  -8,
  -10,
  7,
  2,
  1,
  -9,
  3,
  -8,
  1,
  10,
  3,
  9,
  6,
  10,
  -2,
  -3,
  -9,
  8,
  -3,
  -4,
  -4,
  -9,
  -4,
  -1,
  -9,
  7,
  5,
  6,
  0,
  4,
  10,
  2,
  4,
  -8,
  4,
  10,
  -9,
  -3,
  0,
  9,
  -5,
  -6,
  9,
  -4,
  7,
  4,
  10,
  6,
  -5,
  -4,
  4,
  10,
  3,
  -5,
  -3,
  -9,
  10,
  1,
  4,
  5,
  -6,
  -1,
  9,
  -10,
  -1,
  -3,
  -8,
  0,
  4,
  -4,
  2,
  -8,
  -8,
  2,
  -10,
  -5,
  10,
  3,
  -8,
  6,
  -5,
  5,
  4,
  8,
  -4,
  -2,
  -7,
  -9,
  -8,
  -6,
  -2,
  -9,
  -1,
  2,
  7,
  4,
  10,
  0,
  9,
  0,
  5,
  -5,
  -10,
  -10,
  7,
  7,
  -3,
  6,
  -9,
  -7,
  -9,
  -1,
  6,
  2,
  8,
  3,
  10,
  3,
  -2,
  -3,
  9,
  -7,
  -8,
  9,
  -1,
  -4,
  2,
  2,
  -7,
  -3,
  9,
  5,
  -2,
  -6,
  -10,
  1,
  -1,
  -8,
  3,
  0,
  0,
  6,
  5,
  10,
  1,
  -3,
  -1,
  3,
  -2,
  -10,
  -10,
  -6,
  -4,
  -9,
  4,
  -7,
  -7,
  3,
  0,
  -7,
  -2,
  1,
  -7,
  -8,
  0,
  8,
  -4,
  -2,
  9,
  8,
  -5,
  0,
  -6,
  -1,
  -6,
  2,
  -1,
  4,
  -4,
  -2,
  0,
  -8,
  6,
  10,
  -7,
  -3,
  10,
  -6,
  8,
  10,
  4,
  -6,
  -4,
  3,
  6,
  0,
  10,
  -6,
  -6,
  2,
  5,
  -1,
  -10,
  -8,
  9,
  -10,
  5,
  0,
  5,
  8,
  -4,
  -10,
  -1,
  7,
  -10,
  6,
  5,
  9,
  -9,
  -9,
  1,
  0,
  -3,
  -6,
  -1,
  6,
  -6,
  9,
  -1,
  -3,
  10,
  -2,
  -10,
  -7,
  2,
  -10,
  0,
  5,
  0,
  5,
  2,
  8,
  6,
  3,
  -2,
  -7,
  1,
  4,
  1,
  -5,
  6,
  4,
  -10,
  -7,
  -4,
  8,
  3,
  -10,
  5,
  1,
  -1,
  0,
  6,
  7,
  10,
  -8,
  9,
  -6,
  -4,
  -6,
  -3,
  7,
  -5,
  -1,
  1,
  1,
  5,
  -5,
  5,
  -5,
  10,
  -9,
  10,
  3,
  2,
  -9,
  7,
  5,
  8,
  -1,
  4,
  8,
  3,
  9,
  0,
  9,
  -1,
  5,
  -6,
  -7,
  9,
  4,
  -3,
  7,
  -7,
  0,
  -5,
  -5,
  -10,
  -2,
  0,
  3,
  8,
  2,
  6,
  -6,
  3,
  3,
  6,
  -3,
  -8,
  -7,
  -9,
  6,
  2,
  6,
  8,
  4,
  -3,
  -5,
  10,
  -7,
  -5,
  4,
  -10,
  -7,
  6,
  7,
  -4,
  -7,
  -10,
  -10,
  -9,
  6,
  5,
  0,
  -1,
  9,
  2,
  0,
  -10,
  9,
  -3,
  -3,
  10,
  -10,
  3,
  -5,
  10,
  8,
  6,
  8,
  9,
  -9,
  -3,
  4,
  6,
  -5,
  -2,
  8,
  -5,
  0,
  -2,
  -9,
  -4,
  3,
  -1,
  0,
  4,
  8,
  -7,
  -7,
  -5,
  4,
  3,
  -4,
  -6,
  -1,
  8,
  -9,
  -3,
  4,
  6,
  3,
  -7,
  8,
  0,
  5,
  -9,
  -5,
  -7,
  -2,
  -10,
  4,
  9,
  10,
  0,
  -10,
  4,
  9,
  -9,
  -4,
  -9,
  4,
  -3,
  3,
  10,
  10,
  -7,
  -4,
  -5,
  -10,
  -9,
  4,
  -3,
  -2,
  4,
  -5,
  1,
  10,
  3,
  -4,
  -9,
  2,
  9,
  0,
  3,
  1,
  -10,
  7,
  -8,
  9,
  3,
  9,
  -9,
  8,
  -3,
  -7,
  8,
  5,
  2,
  -2,
  -4,
  5,
  2,
  7,
  -1,
  -8,
  -6,
  0,
  -9,
  0,
  6,
  7,
  1,
  4,
  -4,
  1,
  -9,
  3,
  -9,
  9,
  8,
  -10,
  9,
  1,
  10,
  -1,
  4,
  5,
  -10,
  -4,
  -3,
  2,
  10,
  2,
  4,
  -5,
  1,
  7,
  -7,
  -8,
  5,
  -9,
  -1,
  1,
  -3,
  -2,
  1,
  1,
  5,
  7,
  10,
  -9,
  -3,
  -2,
  -4,
  -1,
  -9,
  0,
  -5,
  -3,
  -9,
  8,
  -8,
  -9,
  -7,
  -3,
  -1,
  -3,
  -1,
  -4,
  -8,
  -9,
  8,
  -6,
  -7,
  -9,
  1,
  1,
  -4,
  -3,
  9,
  9,
  7,
  4,
  8,
  5,
  -6,
  2,
  2,
  2,
  2,
  -4,
  5,
  -3,
  -9,
  4,
  -10,
  0,
  -10,
  -10,
  -3,
  -1,
  3,
  10,
  7,
  2,
  -8,
  -7,
  -1,
  5,
  10,
  3,
  -8,
  0,
  -5,
  1,
  2,
  -2,
  -10,
  9,
  1,
  1,
  0,
  2,
  10,
  -2,
  2,
  -9,
  4,
  -9,
  5,
  3,
  -10,
  4,
  -4,
  -8,
  4,
  -6,
  0,
  -7,
  -5,
  -7,
  -9,
  -1,
  -7,
  5,
  -8,
  10,
  0,
  3,
  0,
  -3,
  -6,
  2,
  2,
  7,
  8,
  0,
  4,
  6,
  -1,
  -7,
  0,
  -7,
  -7,
  7,
  -10,
  1,
  6,
  -1,
  -3,
  10,
  -2,
  1,
  -10,
  -9,
  -10,
  -9,
  6,
  -3,
  2,
  10,
  -8,
  -3,
  -9,
  -10,
  6,
  -3,
  -6,
  -2,
  3,
  6,
  3,
  -5,
  8,
  9,
  2,
  6,
  2,
  -5,
  -9,
  5,
  2,
  7,
  4,
  -7,
  2,
  -6,
  10,
  -6,
  3,
  5,
  -3,
  5,
  -8,
  0,
  10,
  10,
  7,
  -10,
  -9,
  -8,
  -4,
  -5,
  -7,
  -5,
  0,
  -9,
  10,
  -9,
  0,
  -10,
  5,
  -4,
  2,
  9,
  9,
  3,
  4,
  -4,
  5,
  8,
  -7,
  10,
  1,
  -2,
  8,
  8,
  2,
  -2,
  3,
  4,
  5,
  4,
  -2,
  2,
  -8,
  3,
  -6,
  0,
  9,
  0,
  0,
  7,
  7,
  -3,
  8,
  2,
  6,
  4,
  1,
  -5,
  -10,
  10,
  10,
  8,
  6,
  -7,
  -10,
  -1,
  4,
  4,
  6,
  10,
  10,
  -7,
  -2,
  -5,
  -5,
  -2,
  -2,
  6,
  -8,
  -2,
  -7,
  -3,
  -4,
  0,
  2,
  -9,
  1,
  -6,
  8,
  10,
  2,
  -6,
  0,
  -6,
  0,
  -2,
  2,
  1,
  -8,
  -2,
  6,
  -5,
  2,
  0,
  9,
  2,
  2,
  6,
  8,
  -5,
  -7,
  9,
  -5,
  3,
  -8,
  -6,
  -10,
  -10,
  6,
  6,
  1,
  6,
  -7,
  8,
  -10,
  8,
  2,
  -1,
  8,
  -1,
  -2,
  -5,
  2,
  10,
  -4,
  -2,
  9,
  0,
  -8,
  7,
  -5,
  5,
  -9,
  4,
  -8,
  0,
  10,
  9,
  -1,
  -6,
  2,
  1,
  5,
  -9,
  -10,
  4,
  -6,
  -3,
  -8,
  -3,
  6,
  -8,
  2,
  -2,
  -4,
  -3,
  -9,
  2,
  -7,
  -9,
  7,
  -10,
  5,
  -9,
  -4,
  3,
  -1,
  -7,
  7,
  -7,
  -8,
  7,
  5,
  0,
  -1,
  -6,
  4,
  -7,
  -3,
  2,
  6,
  7,
  -8,
  5,
  4,
  -6,
  -6,
  0,
  2,
  -3,
  2,
  8,
  1,
  7,
  4,
  -8,
  3,
  -1,
  5,
  3,
  10,
  1,
  -3,
  -1,
  -1,
  -9,
  3,
  -3,
  -8,
  2,
  -9,
  2,
  -10,
  -2,
  -2,
  -6,
  -8,
  -8,
  1,
  2,
  0,
  -2,
  0,
  2,
  3,
  -3,
  -3,
  -10,
  -6,
  -5,
  -9,
  -2,
  -7,
  5,
  4,
  9,
  4,
  3,
  10,
  -6,
  4,
  6,
  7,
  4,
  9,
  -9,
  10,
  -5,
  4,
  0,
  4,
  -5,
  0,
  10,
  -7,
  1,
  -5,
  -8,
  1,
  -1,
  -7,
  0,
  -8,
  7,
  4,
  5,
  -4,
  -3,
  -6,
  -5,
  -7,
  6,
  -9,
  -3,
  -9,
  5,
  -7,
  4,
  -2,
  7,
  -10,
  -4,
  -4,
  -7,
  5,
  3,
  -6,
  5,
  10,
  9,
  -10,
  -1,
  6,
  9,
  4,
  -4,
  8,
  5,
  -4,
  -4,
  -8,
  10,
  -9,
  -10,
  4,
  -9,
  -5,
  5,
  0,
  8,
  -3,
  -9,
  10,
  -5,
  -10,
  3,
  0,
  -10,
  9,
  9,
  0,
  -4,
  -2,
  1,
  -8,
  8,
  3,
  8,
  -5,
  -9,
  -2,
  7,
  6,
  0,
  -7,
  -9,
  5,
  -6,
  2,
  9,
  10,
  -10,
  1,
  -6,
  -9,
  6,
  -10,
  3,
  -6,
  10,
  9,
  -4,
  -9,
  8,
  -1,
  6,
  9,
  -2,
  5,
  0,
  8,
  5,
  1,
  -1,
  -5,
  7,
  3,
  4,
  -6,
  -9,
  -9,
  -7,
  3,
  -3,
  -6,
  -7,
  4,
  0,
  4,
  -7,
  -2,
  -3,
  1,
  7,
  -2,
  -9,
  -9,
  5,
  6,
  -8,
  -6,
  -9,
  9,
  -3,
  -2,
  9,
  6,
  -9,
  8,
  -8,
  -4,
  0,
  8,
  3,
  -6,
  -2,
  8,
  8,
  -4,
  -10,
  8,
  7,
  -10,
  3,
  -9,
  -3,
  3,
  -10,
  8,
  8,
  10,
  -2,
  8,
  1,
  9,
  -8,
  9,
  -4,
  -7,
  6,
  -2,
  5,
  -5,
  -5,
  5,
  -1,
  7,
  -1,
  -5,
  0,
  2,
  5,
  -5,
  1,
  5,
  4,
  -2,
  -1,
  2,
  -8,
  6,
  -7,
  -8,
  2,
  4,
  -5,
  5,
  1,
  -4,
  2,
  4,
  2,
  -8,
  7,
  2,
  2,
  2,
  2,
  9,
  -8,
  4,
  -5,
  9,
  6,
  10,
  -5,
  3,
  3,
  3,
  7,
  9,
  -1,
  -10,
  3,
  7,
  6,
  -1,
  7,
  -4,
  -4,
  10,
  7,
  -9,
  1,
  -10,
  -7,
  10,
  -2,
  -1,
  9,
  10,
  7,
  6,
  5,
  3,
  -7,
  8,
  10,
  10,
  9,
  3,
  3,
  6,
  4,
  -5,
  2,
  -9,
  -7,
  1,
  3,
  1,
  -3,
  -9,
  -3,
  -2,
  -4,
  4,
  -9,
  6,
  -4,
  5,
  -2,
  5,
  10,
  -10,
  6,
  7,
  -8,
  5,
  -4,
  -3,
  -9,
  8,
  0,
  1,
  0,
  0,
  10,
  -2,
  -1,
  4,
  0,
  0,
  1,
  -5,
  -9,
  -10,
  -7,
  5,
  3,
  -5,
  4,
  6,
  9,
  -1,
  8,
  2,
  9,
  10,
  3,
  -8,
  1,
  1,
  7,
  -1,
  -2,
  -8,
  8,
  5,
  6,
  9,
  -5,
  3,
  -8,
  3,
  2,
  6,
  -3,
  2,
  5,
  6,
  10,
  -10,
  3,
  -7,
  -7,
  8,
  -5,
  -7,
  -5,
  2,
  -10,
  -8,
  -9,
  -4,
  -10,
  -2,
  -2,
  7,
  3,
  -5,
  8,
  -3,
  9,
  -10,
  2,
  -9,
  3,
  -6,
  5,
  4,
  10,
  8,
  -3,
  1,
  1,
  -9,
  8,
  8,
  -9,
  6,
  -3,
  -4,
  5,
  5,
  3,
  -7,
  -10,
  -3,
  -10,
  -5,
  5,
  10,
  -3,
  -5,
  -3,
  0,
  -2,
  2,
  5,
  2,
  -1,
  7,
  -6,
  5,
  9,
  4,
  9,
  -4,
  -5,
  6,
  0,
  10,
  -3,
  -1,
  8,
  8,
  -10,
  -8,
  -6,
  5,
  9,
  2,
  -2,
  10,
  -8,
  -5,
  -4,
  7,
  9,
  -4,
  8,
  8,
  -1,
  6,
  -7,
  -4,
  5,
  -1,
  8,
  -10,
  4,
  6,
  -6,
  9,
  4,
  -5,
  -7,
  -2,
  -5,
  2,
  6,
  -6,
  -3,
  6,
  -10,
  -2,
  -3,
  -5,
  10,
  -9,
  -1,
  9,
  -2,
  9,
  9,
  -1,
  8,
  7,
  -6,
  -5,
  -5,
  2,
  0,
  8,
  1,
  2,
  6,
  7,
  2,
  1,
  -8,
  -2,
  3,
  6,
  1,
  -1,
  -1,
  -2,
  10,
  9,
  3,
  -3,
  -10,
  -3,
  4,
  -3,
  -1,
  -4,
  0,
  -8,
  -4,
  9,
  9,
  6,
  -2,
  -9,
  -1,
  -8,
  10,
  -6,
  3,
  -1,
  6,
  2,
  1,
  -5,
  -5,
  8,
  -5,
  -3,
  -9,
  -8,
  -9,
  -10,
  4,
  -6,
  9,
  6,
  -9,
  -10,
  6,
  10,
  4,
  4,
  1,
  -9,
  -2,
  -4,
  0,
  10,
  -7,
  -9,
  -7,
  -6,
  7,
  -4,
  -9,
  -2,
  -4,
  0,
  4,
  0,
  4,
  -8,
  6,
  -9,
  -3,
  -5,
  1,
  3,
  8,
  -5,
  5,
  5,
  6,
  0,
  9,
  -5,
  4,
  -1,
  -4,
  0,
  7,
  -8,
  3,
  4,
  7,
  2,
  5,
  8,
  -3,
  -6,
  -5,
  3,
  10,
  -3,
  7,
  1,
  3,
  -9,
  -4,
  -10,
  -8,
  0,
  8,
  -9,
  0,
  7,
  10,
  0,
  -9,
  8,
  2,
  -9,
  -10,
  -10,
  3,
  5,
  0,
  -9,
  9,
  -6,
  -10,
  10,
  8,
  1,
  -7,
  -9,
  -10,
  4,
  6,
  -2,
  -5,
  -8,
  -9,
  10,
  -1,
  -4,
  -9,
  -1,
  5,
  7,
  10,
  3,
  -1,
  3,
  -1,
  -9,
  4,
  6,
  -4,
  0,
  8,
  -4,
  -9,
  -4,
  -2,
  -8,
  -6,
  7,
  -2,
  6,
  -2,
  -9,
  -3,
  -10,
  -8,
  -6,
  8,
  -6,
  -5,
  -4,
  -4,
  7,
  8,
  2,
  8,
  0,
  -10,
  -10,
  -3,
  2,
  -2,
  8,
  2,
  -8,
  0,
  -8,
  -7,
  -9,
  3,
  -7,
  -6,
  4,
  0,
  -10,
  -2,
  -9,
  4,
  3,
  -4,
  0,
  -2,
  -6,
  -2,
  6,
  4,
  5,
  1,
  -3,
  -8,
  -10,
  4,
  10,
  10,
  4,
  2,
  -3,
  5,
  -7,
  -5,
  2,
  9,
  -4,
  7,
  0,
  10,
  9,
  -2,
  5,
  -10,
  5,
  9,
  -8,
  0,
  -2,
  -5,
  -9,
  -4,
  -8,
  -6,
  -1,
  1,
  -6,
  1,
  -1,
  -10,
  9,
  -1,
  -5,
  1,
  0,
  -6,
  -7,
  -8,
  -7,
  -5,
  7,
  10,
  9,
  1,
  8,
  -8,
  -9,
  7,
  6,
  6,
  -2,
  5,
  0,
  2,
  4,
  -7,
  -4,
  1,
  4,
  7,
  -7,
  -7,
  5,
  3,
  -6,
  8,
  -3,
  -4,
  -4,
  9,
  -1,
  -5,
  10,
  -2,
  4,
  2,
  -8,
  -8,
  4,
  -7,
  -5,
  -4,
  -8,
  5,
  -9,
  7,
  2,
  1,
  9,
  -5,
  -10,
  3,
  -2,
  -10,
  5,
  4,
  -10,
  -6,
  0,
  -1,
  4,
  9,
  -2,
  -10,
  -1,
  2,
  -6,
  3,
  0,
  -9,
  -7,
  -1,
  6,
  -2,
  10,
  -2,
  6,
  6,
  -7,
  9,
  4,
  -6,
  -8,
  -10,
  9,
  6,
  -6,
  0,
  -9,
  -9,
  4,
  7,
  -3,
  -6,
  -5,
  4,
  3,
  5,
  -4,
  7,
  -5,
  -1,
  2,
  -8,
  -2,
  -9,
  3,
  -10,
  10,
  3,
  -6,
  -7,
  10,
  7,
  9,
  -7,
  -4,
  5,
  8,
  0,
  -10,
  3,
  -1,
  3,
  -1,
  0,
  -10,
  8,
  1,
  10,
  4,
  5,
  10,
  -5,
  7,
  3,
  -6,
  2,
  -4,
  -2,
  -3,
  -2,
  5,
  -2,
  -2,
  -8]]

In [16]: 
In [17]: 
In [18]: times = capped_function_timer(instances, find_optimal_window)

In [19]: times
Out[19]: 
[0.0003788471221923828,
 0.0006730556488037109,
 0.0023741722106933594,
 0.00698089599609375,
 0.027324914932250977,
 0.08902311325073242,
 0.35654306411743164,
 2.479673147201538]

In [20]: len(times)
Out[20]: 8

In [21]: sizes[0:8]
Out[21]: [2, 4, 8, 16, 32, 64, 128, 256]

In [22]: 
In [23]: a
Out[23]: [2, -1, 3, 4, -2]

In [24]: 
In [25]: 
In [26]: find_optimal_window_faster(a)
---------------------------------------------------------------------------
IndexError                                Traceback (most recent call last)
/Users/mestre/Dropbox/algorithms/code/<ipython-input-26-d021b98a04a7> in <module>()
----> 1 find_optimal_window_faster(a)

/var/folders/mt/pbyydmtj0ws63zblw7498rnc0000gn/T/ipython-2432fiN.py in find_optimal_window_faster(A)

/var/folders/mt/pbyydmtj0ws63zblw7498rnc0000gn/T/ipython-2432fiN.py in evaluate(B, a, b)

IndexError: list index out of range

In [27]: 
In [28]: find_optimal_window_faster(a)
---------------------------------------------------------------------------
IndexError                                Traceback (most recent call last)
/Users/mestre/Dropbox/algorithms/code/<ipython-input-28-d021b98a04a7> in <module>()
----> 1 find_optimal_window_faster(a)

/var/folders/mt/pbyydmtj0ws63zblw7498rnc0000gn/T/ipython-2432ssT.py in find_optimal_window_faster(A)

/var/folders/mt/pbyydmtj0ws63zblw7498rnc0000gn/T/ipython-2432ssT.py in evaluate(B, a, b)

IndexError: list index out of range

In [29]: 
In [30]: find_optimal_window_faster(a)
Out[30]: (0, 3)

In [31]: 
In [32]: 
In [33]: 
In [34]: 
In [35]: 
In [36]: 
In [37]: times_faster = capped_function_timer(instances, find_optimal_window_faster)

In [38]: 
In [39]: times_faster
Out[39]: 
[0.00017786026000976562,
 0.0002200603485107422,
 0.0004229545593261719,
 0.0009951591491699219,
 0.0028090476989746094,
 0.006573915481567383,
 0.017426013946533203,
 0.06273984909057617,
 0.21276092529296875,
 0.824819803237915,
 3.2278919219970703]

In [40]: 
In [41]: 
In [42]: len(times_faster)
Out[42]: 11

In [43]: sizes[0:11]
Out[43]: [2, 4, 8, 16, 32, 64, 128, 256, 512, 1024, 2048]

In [44]: sizes
Out[44]: [2, 4, 8, 16, 32, 64, 128, 256, 512, 1024, 2048]

In [45]: 
In [46]: sizes = [ 2**i for i in range(1,20) ]

In [47]: instances = [ random_instance(n) for n in sizes ] 

In [48]: times_superfast = capped_function_timer(instances, find_optimal_window_superfast)

In [49]: 
In [50]: times_superfast
Out[50]: 
[0.0001430511474609375,
 0.00010514259338378906,
 0.00012612342834472656,
 0.0001430511474609375,
 0.00020599365234375,
 0.0003559589385986328,
 0.0006308555603027344,
 0.001291036605834961,
 0.002270936965942383,
 0.0034461021423339844,
 0.016982078552246094,
 0.012284040451049805,
 0.06139421463012695,
 0.04802989959716797,
 0.08088994026184082,
 0.16636395454406738,
 0.33316898345947266,
 0.6704850196838379,
 1.3580069541931152]

In [51]: 
In [52]: len(times_superfast)
Out[52]: 19

In [53]: sizes[0:19]
Out[53]: 
[2,
 4,
 8,
 16,
 32,
 64,
 128,
 256,
 512,
 1024,
 2048,
 4096,
 8192,
 16384,
 32768,
 65536,
 131072,
 262144,
 524288]

In [54]: 
In [55]: plot_consecutive_ratios(sizes, times)

In [56]: 
In [57]: plot_consecutive_ratios(sizes, times_faster, "red" )

In [58]: 
In [59]: plot_consecutive_ratios(sizes, times_superfast, "black" )

In [60]: 
